100504
100505
100506
100507
100509
100527
100537
100540
100542
100544
100547
100554
100560
100561
100562
100564
100565
100567
100569
100570
100574
100577
100581
100584
100585
100586
100587
100589
100597
100602
100603
100605
1006063
100610
100617
100619
1049387
1050848
1055559
1068246
1071829
1083206
1084661
109367
109379
109412
109413
109426
109452
109454
109571
1095744
111418
111422
111423
111444
111530
111751
111892
1119270
111969
111974
111978
111983
111993
112000
112007
112154
112162
112179
112293
112303
112304
112307
112325
112328
112335
112347
112360
112373
112412
1126079
1127236
113300
113317
113923
113924
113927
113928
113940
114008
114024
114026
114027
114031
114032
114134
114149
114150
114942
115244
115248
115251
115265
115482
115484
115623
115625
115644
115754
115755
1159023
1159881
116270
1163894
1166502
1191442
119355
119382
119593
119601
119623
119625
119637
119643
119650
119657
119658
119661
119665
120330
120376
120380
120432
120684
120756
120821
120822
120831
120848
120852
120861
120977
120988
122020
1225375
122703
122715
122998
123003
123004
123016
123021
123022
123036
123039
123519
123524
124044
124048
124176
124264
124270
124765
125161
126260
126402
141997
142261
145477
146826
147790
148042
148043
148045
148560
148598
148789
148807
149213
149214
149395
149397
149399
149864
149920
149921
150241
150443
150444
150446
150496
150841
150842
150849
150854
150855
151022
151671
151679
151713
151806
151815
151823
151827
151832
151941
151961
152463
152467
152468
152469
152473
152474
153716
153936
153938
154638
154659
154668
155796
155800
156086
156507
156511
169786
169795
183057
183092
185401
185406
187737
188729
188732
188743
188746
188937
188961
188975
189227
189387
189389
189397
189699
189799
190149
190158
190556
190569
190599
190614
190615
190616
190617
190635
190664
190667
190694
190823
191046
191158
191159
191164
191437
191438
192044
192064
192090
193121
194233
194278
194308
194317
195006
195007
195128
195402
195406
195432
195703
195705
195793
195855
195943
196103
197428
197447
197458
197468
197530
197534
197636
197666
197790
197792
197794
198051
198085
198099
198109
198674
198701
199309
199310
199311
199313
199319
199321
199348
199349
199355
199360
199363
199365
199376
199395
199397
199404
199420
199430
200257
200263
200345
200437
200444
200948
202272
202274
202278
202279
202450
202459
202460
202654
202962
202968
202971
202972
202973
202976
202977
202982
202984
202988
202990
202991
202993
202994
203000
203005
203869
203902
203905
203921
203929
203948
203957
203970
205771
205774
206846
206921
206928
206933
206936
206937
206988
206992
207838
208082
208096
208209
208210
208453
208454
208587
208591
208594
208596
209356
209382
209422
209424
209583
209618
209621
214170
214675
214680
214683
214688
217000
217148
217193
217378
217386
217397
217486
217522
217546
217616
217626
217630
217704
217715
217721
217795
217798
217803
217807
217813
217844
217904
218100
218479
218480
218482
218483
218486
218492
218523
218524
218544
218776
219144
219292
219988
222912
222957
222958
222959
222984
222985
223040
223041
223046
223053
223116
223120
223121
223122
223128
223129
223130
223133
223217
223218
223219
223408
223860
223938
223955
223971
224130
224168
224194
224196
224214
224221
224224
224241
224248
224250
224616
224783
224835
224843
224856
224866
224875
224877
224948
224951
224953
224955
224956
224957
225459
225873
226187
226834
227459
227463
227464
227465
227765
228329
228375
228377
228395
228419
228464
228465
228466
228467
228479
228483
228500
228507
228512
228527
228531
228544
228556
228563
228573
228592
228600
228607
228610
228617
228621
228626
228634
228636
228642
228648
228653
228663
228696
228728
228739
228759
228809
229002
229017
229021
229032
229063
229073
229123
229124
229137
229144
229149
229151
229156
229160
229164
229171
229182
229203
229211
229228
229237
229477
229478
229480
229495
229497
229602
229621
229676
229677
229678
229679
229681
229872
229875
230103
230104
230112
230114
230117
230118
230119
230120
230121
230122
230123
230124
230125
230347
230367
230372
230460
230491
230550
230572
230574
230616
230643
230717
230719
230723
230777
230832
230871
230872
230875
230876
230877
230905
230908
231258
231320
231323
231324
231502
231504
231505
231514
231519
231520
231524
231525
231526
231637
232321
232325
232327
232328
232400
232457
232458
232459
232492
232493
232500
232501
232502
232504
232601
232775
232777
232778
232781
232782
232786
232788
232819
232961
232962
232964
232973
232975
232976
232977
232980
233394
233465
233490
233491
233494
233571
233585
233611
233725
233743
233745
233863
233865
233866
233880
234000
234292
234397
234569
234572
234573
234574
234578
234579
234633
234752
234771
234849
234878
234880
234910
235216
235513
235567
235644
235978
235981
235985
235986
235990
235993
235997
235998
236003
236037
236040
236048
236057
236065
236068
236071
236078
236194
236198
236350
236459
236511
237153
237158
237506
237511
237515
237516
237521
237566
237567
237568
237571
237572
237573
237575
237580
237581
237582
237585
237586
238047
238488
238525
238565
238569
238575
238578
238594
238722
239018
239019
239021
239146
239158
239253
239406
239458
239541
239542
239591
239680
239800
239892
239895
239900
240164
240682
240860
240875
240893
241044
241678
241746
242220
242222
242226
242435
242962
242975
242986
242987
243535
247957
248854
248857
248931
248939
249326
249328
249485
249487
249488
249682
249693
249712
250390
250454
250458
250461
250849
250851
251264
251793
252106
252350
252442
252969
253139
253188
253364
253693
254575
254605
254869
254870
254876
255391
255394
255396
255423
255425
255650
255651
255673
255674
255863
255865
256318
256527
256531
256540
256541
256544
256563
256565
256567
256582
256583
256595
256596
256598
256603
256605
256607
256610
256618
256622
256624
256627
256629
256632
256637
256639
256647
256649
256650
256652
256653
256655
256659
256661
256663
256666
256733
256734
257281
257287
257290
257310
257312
257316
257469
257797
257798
257877
258375
258458
258459
258626
258639
258705
258755
258824
258868
258882
259206
259219
259330
259337
259360
259397
259593
260049
260058
260365
260621
260822
260823
261070
262330
262382
262569
263605
263673
264232
264386
264605
264705
265071
265072
265073
265343
265476
265628
265745
266131
266322
266529
266625
266802
266810
268206
268207
268228
268240
268249
268257
268429
268430
268507
268533
268641
269171
269682
269966
270870
271801
271939
272542
272668
273175
273177
273185
273503
273504
274118
275097
275098
275180
275251
275261
275401
275403
275405
275406
275581
275799
275837
275840
275841
275844
275848
275856
275858
276043
276421
276938
277273
277657
277882
277997
278074
278586
278862
279283
279426
279688
279742
279809
280630
280861
280902
280922
280923
281071
281116
281614
281658
281828
281838
281960
282185
282300
282590
282607
282622
282879
283029
283377
283391
283627
284087
284232
284258
284333
284441
284442
284987
285156
285755
285955
285961
285964
285998
286161
286358
286542
286582
287670
288592
288850
289007
289010
289019
289202
289342
289421
289578
289670
290014
290385
291267
291444
291544
291590
292142
292158
292828
292867
292892
292923
294612
295624
295625
296175
296344
296606
296607
296915
296916
297791
299128
299199
299526
299534
299568
299592
299606
299735
299764
299851
300050
300154
300319
300459
300840
300844
300855
300859
301028
301250
301279
301378
301381
301382
301413
301431
301468
301478
301573
301577
301581
301583
301590
301619
301647
301648
301649
301657
301674
301677
301680
301762
301770
301787
301789
301803
301883
301897
301911
301923
301929
302012
302020
302040
302109
302130
302133
302137
302139
302144
302175
302231
302249
302294
302322
302331
302343
302385
302387
302392
302434
302435
302511
302638
302653
302835
302853
302918
302919
302931
302934
302985
302990
303032
303033
304284
304289
304305
304310
304485
304528
304546
304611
304646
305068
305273
305290
305293
305294
305303
305304
305313
305349
305360
305364
305365
305370
305371
305372
305379
305486
305520
305582
305584
305809
305810
305812
305813
305854
305861
305862
305877
305893
305905
305906
305907
305909
305928
305931
305934
305944
306120
306143
306150
306166
306173
306174
306175
306176
306179
306180
306186
306375
306377
306482
306610
306831
306836
306838
307326
307328
307332
307355
307368
307375
307381
307541
307557
307562
307563
307566
307569
307570
307571
307574
307575
307577
307581
307592
307610
307616
308393
308405
308406
308407
308408
308412
308420
308432
308433
308456
308723
308771
309124
309153
309180
309351
309355
309442
309502
309580
309916
309917
310251
310302
310303
310451
310780
310867
312451
312457
313039
313044
313573
313883
313884
314854
317155
317396
317477
319066
319712
320013
320038
320079
320080
320488
320581
321151
325334
325383
325490
325491
325502
325519
325634
325790
450266
454952
455460
456558
456987
472078
478252
478253
482632
482693
483102
483134
483282
483700
486788
487644
488853
489057
489096
490876
496106
497689
498018
498185
498233
498328
498395
498911
498929
501108
501335
501344
501434
502108
502408
503002
503136
503506
505238
505846
506158
506292
506418
506652
507339
508162
510378
513122
514340
518280
518349
518441
523998
526766
528508
529517
529682
529918
530096
530147
530406
530530
534638
534764
542696
542974
543153
543169
543207
543518
548045
548458
549445
549454
549547
550019
551322
553884
555224
555283
555420
556595
556833
557165
557193
558003
558796
559387
559392
559593
559726
560516
563485
564652
564868
565550
566077
570888
571526
572190
572859
572865
573158
573658
574406
574449
575483
575999
577645
578225
578305
578306
578319
578371
579136
579210
579774
579806
580687
581477
581505
581873
582083
582208
582371
582392
582479
582505
582667
583028
583034
583280
583286
583662
583733
583963
584407
584452
585139
585204
585414
585836
586662
586770
586835
587052
587150
587612
588475
589462
589493
590144
590208
590284
590411
593661
594629
594928
595373
595594
595677
596310
596364
596508
596760
596991
597573
599275
599363
600113
600224
600604
601231
601262
601289
601350
601439
601486
601550
601686
601762
602155
602600
603094
603110
603376
603403
604488
604492
604501
607160
607162
607470
609500
609760
610494
610805
610848
611114
611193
611703
611782
612263
613399
613711
614078
614236
614244
614361
614392
614395
614746
614962
615153
615969
615974
618139
618542
618996
619681
619946
620038
620136
620703
621308
621785
622666
623246
623893
624043
625715
625726
626262
626311
626377
626456
630305
630409
630596
630817
632118
632421
632657
632770
633539
633625
634260
634263
634363
635006
635080
636331
638765
638834
638900
639686
646310
646326
647354
647813
647855
648108
649076
649099
649857
649871
651045
651595
652518
652607
653138
654030
655846
656349
656772
659532
660350
661034
662124
662193
662530
663083
667612
669122
671552
672600
673049
674915
675157
675165
676408
677036
677173
677260
677598
678328
72572
72579
72586
734757
735480
736553
736575
73718
73727
73739
73757
73787
73799
73821
73855
739096
73923
73943
73947
73950
73957
73985
74051
74583
74626
754229
75662
758191
76061
76083
76442
77055
77264
77270
77274
77629
77638
77700
77714
77775
777807
77804
77827
77866
77917
77944
78046
781663
78682
78688
78694
793789
794396
79500
80083
80087
80275
804847
80747
80756
80771
80774
80780
80784
80786
80788
80793
80797
80799
80802
80808
80836
80864
80879
80912
80917
80920
80925
80930
80937
80983
80987
80990
80999
81004
81019
81022
81035
81038
81042
81049
81082
81087
81103
81110
81114
81126
81141
81165
81169
81170
81177
81192
81204
81209
81215
81237
81241
81246
81249
81251
81315
81363
813649
81367
81375
81377
81394
81397
81409
81416
81418
81444
81450
81459
81461
81466
81480
81483
81503
81511
81514
81520
81522
81529
81531
81553
81669
81765
81768
81782
81803
81809
81976
81985
82105
82114
82116
82578
84064
84440
84455
84502
84522
84561
84993
85003
85005
85007
85027
85029
85031
85046
85147
85161
85189
85192
85193
85204
85205
86951
86957
86959
86966
86969
86970
86973
86978
86983
86984
87008
87011
87015
87016
87017
87018
87024
87031
87040
87044
87052
87072
87076
87084
87090
87091
87095
87097
87099
87102
87104
87108
87111
87115
87119
87147
87149
89033
89049
89050
89053
89054
89064
89083
89091
89096
89101
89115
89118
89119
89130
89143
89147
89148
89150
89152
89155
89157
89158
89568
89575
89585
89592
89600
89602
89619
89620
897108
90015
90017
90108
90159
93025
93034
93047
93051
93116
93146
93147
93164
93230
93242
93247
93335
93338
93340
93435
93457
93459
93460
93467
93477
93507
93534
93569
93589
93593
939153
940460
94326
94330
94344
94349
94350
943738
94399
947611
949988
967157
98606
98629
98639
98640
98641
98644
98675
98679
98694
98702
98710
98717
98719
98726
98727
98728
98731
99368
99371
99392
99466
99762
